7.89165496826e-05
0.0425820350647
0.0744669437408
0.156293869019
0.20437002182
0.25292801857
0.294439077377
0.337606906891
0.379137992859
0.418668985367
0.454861879349
0.498259067535
0.533817052841
0.580024003983
0.612030029297
0.644280910492
0.681403875351
0.723303079605
0.753159046173
0.796329021454
0.826771020889
0.864500999451
0.906202077866
0.935773849487
0.973079919815
1.00384187698
1.04069590569
1.07811403275
1.11368107796
1.15100502968
1.18077993393
1.22243285179
1.25584793091
1.28560996056
1.32291984558
1.35886096954
1.39456105232
1.42592191696
1.46197891235
1.49819207191
1.53707885742
1.56146287918
1.59835004807
1.64295887947
1.66719698906
1.69838404655
1.73429393768
1.77068901062
1.80778098106
1.83790206909
1.86857700348
1.91162490845
1.94283986092
1.97438001633
2.00998997688
2.04038500786
2.08323907852
2.10776495934
2.13741707802
2.17475605011
2.24040102959
2.27218484879
2.30778098106
2.34024691582
2.37686491013
2.42189502716
2.45498394966
2.48514890671
2.52136802673
2.57173585892
2.60342597961
2.6564450264
2.68564796448
2.71703505516
2.74750995636
2.78898286819
2.82947897911
2.86348795891
2.90136098862
2.92054700851
2.95888495445
3.00282788277
3.04086399078
3.08509302139
3.12312507629
3.16872191429
3.2032520771
3.24354100227
3.28883886337
3.32798886299
3.36848807335
3.40906786919
3.44948101044
3.48653507233
3.52371788025
3.5594420433
3.5997569561
3.63536596298
3.67464089394
3.71099495888
3.74687790871
3.78447389603
3.82047390938
3.86295604706
3.89870500565
3.93574786186
3.97718000412
4.01429700851
4.04977798462
4.08700990677
4.12306404114
4.16030287743
4.20130991936
4.23835396767
4.2740008831
4.3159198761
4.35180807114
4.38913607597
4.42084002495
4.4637799263
4.49963498116
4.53733706474
4.57320404053
4.61517095566
4.65626597404
4.67799401283
4.71505093575
4.75574493408
4.7930290699
4.82876896858
4.87119603157
4.90197300911
4.94428992271
4.97562885284
5.01302886009
5.04963207245
5.0889480114
5.12129688263
5.15785884857
5.19476103783
5.23058795929
5.26785492897
5.30374288559
5.34083104134
5.37657785416
5.41366696358
5.45019507408
5.48737096786
5.52403497696
5.56015491486
5.5972840786
5.62784290314
5.66618394852
5.70200896263
5.74419689178
5.77462697029
5.8165500164
5.84752488136
5.88496685028
5.92054986954
5.95784687996
5.99359202385
6.02910494804
6.07145094872
6.10214805603
6.1445350647
6.17541599274
6.21239304543
6.24847006798
6.28533101082
6.31608486176
6.35833501816
6.39418506622
6.42636203766
6.46255588531
6.49864697456
6.53536391258
6.57123684883
6.60246896744
6.63847303391
6.67475891113
6.70562791824
6.74144697189
6.77897691727
6.81020593643
6.85222792625
6.88376688957
6.92084097862
6.95677089691
6.99383687973
7.02461600304
7.06216287613
7.09800195694
7.13362193108
7.17083001137
7.20137691498
7.24391102791
7.27502608299
7.31210899353
7.34769487381
7.38504004478
7.43946385384
7.47256398201
7.50813794136
7.52908205986
7.5495660305
7.60971999168
7.64401388168
7.68333697319
7.71240901947
7.74506902695
7.77925801277
7.81873393059
7.85700798035
7.89644885063
7.9345240593
7.97401595116
8.00422692299
8.04443001747
8.08627605438
8.11694502831
8.1562628746
8.19223690033
8.2264380455
8.26199603081
8.29346704483
8.33037805557
8.3660800457
8.40393304825
8.43479299545
8.47049093246
8.50874495506
8.53961491585
8.57152986526
8.60746693611
8.6395509243
8.67131590843
8.70715308189
8.74498701096
8.77615785599
8.81331896782
8.84378600121
8.88100886345
8.91238903999
8.94343686104
8.98024487495
9.01578688622
9.05294203758
9.08394289017
9.11575007439
9.15180492401
9.18374490738
9.21963691711
9.25028991699
9.28724789619
9.3182079792
9.35528206825
9.38568902016
9.41808485985
9.45399785042
9.48462605476
9.51667785645
9.54852390289
9.58855986595
9.61427593231
9.64788293839
9.6760699749
9.7066719532
9.73917102814
9.77545285225
9.80644798279
9.83834195137
9.86945700645
9.90649294853
9.93763303757
9.96901798248
10.0060429573
10.0367569923
10.0687689781
10.0996758938
10.1364929676
10.1673510075
10.2028958797
10.2346558571
10.2656638622
10.2975029945
10.3279240131
10.3651590347
10.3962080479
10.4244198799
10.4617688656
10.4922559261
10.5242159367
10.5601818562
10.5908448696
10.6225419044
10.6533038616
10.6793148518
10.7164418697
10.7470810413
10.7793750763
10.8100440502
10.8419370651
10.8792200089
10.9050629139
10.9425759315
10.9683849812
11.0055930614
11.03606987
11.0670070648
11.1024799347
11.1282839775
11.1609559059
11.1973679066
11.222826004
11.2555270195
11.2866070271
11.3192970753
11.3551180363
11.3861830235
11.4181289673
11.4488790035
11.4813809395
11.5118899345
11.5477509499
11.5802819729
11.6112239361
11.6429028511
11.6701710224
11.7061960697
11.7380468845
11.7691788673
11.8009419441
11.8315348625
11.8624100685
11.8998839855
11.9256138802
11.9586429596
11.9894740582
12.0204389095
12.0574629307
12.0829708576
12.1199519634
12.1455550194
12.1828069687
12.2188489437
12.2443680763
12.2763988972
12.3072440624
12.3389160633
12.3748328686
12.4216349125
12.4569768906
12.5017209053
12.5360069275
12.5524830818
12.5935239792
12.6365029812
12.6837718487
12.7325098515
12.7579710484
12.7852239609
12.8157720566
12.8478820324
12.884237051
12.9098119736
12.9416439533
12.9723129272
13.0091528893
13.0404119492
13.0716559887
13.1037380695
13.1291959286
13.1615390778
13.197054863
13.2279880047
13.2599458694
13.2907409668
13.3229010105
13.3536338806
13.3841369152
13.4161679745
13.4469239712
13.4788880348
13.5094020367
13.5451319218
13.577008009
13.6025109291
13.6344840527
13.6669869423
13.6982488632
13.7301039696
13.7607078552
13.792470932
13.823251009
13.8544120789
13.8865659237
13.9169459343
13.9494180679
13.9803159237
14.0111830235
14.0438389778
14.0748159885
14.1416358948
14.1674690247
14.1993939877
14.2301700115
14.2559719086
14.2929768562
14.3238348961
14.355686903
14.3861579895
14.4181718826
14.4545118809
14.4801259041
14.5118780136
14.5428409576
14.574794054
14.6108179092
14.6365439892
14.6705460548
14.6958909035
14.7263510227
14.7636349201
14.7943739891
14.8215110302
14.852408886
14.883630991
14.9154660702
14.9462809563
14.9783639908
15.0093829632
15.0402538776
15.072357893
15.1027560234
15.1349849701
15.1618170738
15.200895071
15.2176399231
15.2488310337
15.2799429893
15.3117198944
15.3422629833
15.37449193
15.4053449631
15.4363150597
15.4658560753
15.4916379452
15.5289349556
15.5596630573
15.5934979916
15.6154170036
15.6474859715
15.6783599854
15.7101528645
15.7405910492
15.7725338936
15.8034958839
15.8341400623
15.8663408756
15.8970530033
15.923871994
15.959841013
15.9904270172
16.0223140717
16.0481619835
16.0802750587
16.1160509586
16.1415190697
16.17355299
16.1993420124
16.2306818962
16.2678890228
16.2935640812
16.3252239227
16.3563849926
16.3875029087
16.4195599556
16.4501340389
16.48209095
16.5078868866
16.5439140797
16.5705099106
16.6009778976
16.6326298714
16.6646859646
16.6955358982
16.722743988
16.7482509613
16.7787230015
16.8164989948
16.8420479298
16.874434948
16.9000499249
16.9361889362
16.9630558491
16.9935660362
17.020761013
17.0567920208
17.0822820663
17.108604908
17.1395368576
17.1756639481
17.2023439407
17.2333278656
17.2656829357
17.2961189747
17.3216838837
17.3536829948
17.38499403
17.4334418774
17.4693989754
17.5133838654
17.5641849041
17.6034388542
17.6560339928
17.6915099621
17.7334580421
17.754899025
17.7867760658
17.8129689693
17.8451919556
17.8758490086
17.9064760208
17.9388420582
17.9642839432
17.9947390556
18.0321390629
18.0580430031
18.0900008678
18.1153950691
18.1519699097
18.1786608696
18.2091908455
18.2418439388
18.2726950645
18.3034570217
18.3301479816
18.3607590199
18.386551857
18.424020052
18.4505579472
18.4824900627
18.5079500675
18.5437419415
18.5756120682
18.604434967
18.6313228607
18.6588468552
18.6897659302
18.7164950371
18.7476818562
18.7783689499
18.81042099
18.841449976
18.86876297
18.8993148804
18.9298520088
18.9572029114
18.9877378941
19.0181789398
19.0505008698
19.081223011
19.1080129147
19.1395878792
19.1707139015
19.1974239349
19.2279219627
19.2535660267
19.2906730175
19.3213829994
19.3535490036
19.3789730072
19.4097828865
19.4429960251
19.4688620567
19.5005979538
19.5313489437
19.5624170303
19.5894720554
19.6199500561
19.6468720436
19.68415308
19.7095799446
19.7365300655
19.7679009438
19.7988860607
19.8306610584
19.8614749908
19.8887178898
19.9243218899
19.9498720169
19.9820289612
